OZONE,ZONE 1A,ZONE 1,ZONE 2,ZONE 3,ZONE 4,ZONE 5,ZONE 6,ZONE 7,ZONE 8
ZONE 1A,59.00,135.00,151.00,163.00,186.00,210.00,223.00,235.00,250.00
ZONE 1,135.00,65.00,77.00,89.00,101.00,113.00,125.00,137.00,149.00
ZONE 2,151.00,77.00,65.00,77.00,89.00,101.00,113.00,125.00,137.00
ZONE 3,163.00,89.00,77.00,65.00,77.00,89.00,101.00,113.00,125.00
ZONE 4,186.00,101.00,89.00,77.00,65.00,77.00,89.00,101.00,113.00
ZONE 5,210.00,113.00,101.00,89.00,77.00,65.00,77.00,89.00,101.00
ZONE 6,223.00,125.00,113.00,101.00,89.00,77.00,65.00,77.00,89.00
ZONE 7,235.00,137.00,125.00,113.00,101.00,89.00,77.00,65.00,77.00
ZONE 8,250.00,149.00,137.00,125.00,113.00,101.00,89.00,77.00,65.00
